PDE 2003 12 26  1 56 52.40  29.0000   58.3100  10.0 6.0 6.8 SOUTHERN IRAN                           
event name:     122603B        
time shift:      0.0
half duration:   4.8
latitude:       29.1000
longitude:      58.2400
depth:          15.0000
Mrr:       9.800000e+24
Mtt:      -1.410000e+25
Mpp:       4.330000e+24
Mrt:      -4.760000e+25
Mrp:      -2.550000e+25
Mtp:       7.590000e+25
